Number of Likes and Comments
240388
95894
256917
201918
155207
537117
1071656
123463
90314
82093
57038
134633
356328
53551
63453
78374
56983
71034
61303
33857
1045565
53287
84389
14826776
1188806
27369
536695
55852
33270
29766
23214
27488
17767
101850
2659310
81811
32027
37450
44819
4323293
95119
18438
17699
72257
8328
759019
19020
171070
24037
84643
41781
107315
9991
61539
19664
128197
83551
13193
24902
6673
27075
260971
7368
257423
10049207
128983
2172182
96589
265071
83857
30928
60054
60317
70245
25132
49598
43924
26178
53717
29022
110866
23016
44691
88463
2644323
67656
59305
938116
293506
1083760
31319
51385
19961
105842
216791
87797
174785
1138217
151470
1931509
629183
15063
50044
31989
137554
31513
133474
205046
69747
60572
565285
77030
24109
622346
28932
10499
27280
627713
28302
81971
41055
48568
36575
14974
321960
5176
638231
11609
92260
62550
925643
166674
4030610
218858
206351
85078
175013
343347
64393
126121
156454
949516
75357
138381
83086
369872
97758
21394
23687
252886
61022
79356
21929
26868
113496
20505
25187
74202
84627
11716
29542
107437
8257
21529
32216
9815
17979
50068
170221
106512
9061
21205
17539
7341
3018
15049
20327
